[0m[38;2;7;7;7m                                        [0m
[0m[38;2;7;7;7m                                        [0m
[0m[38;2;7;7;7m             [38;2;35;35;35m.[38;2;45;44;46m.[38;2;45;44;47m.[38;2;45;45;49m.[38;2;45;45;48m.[38;2;45;45;48m.[38;2;46;45;49m.[38;2;45;45;48m.[38;2;45;44;48m.[38;2;45;44;47m.[38;2;44;44;47m.[38;2;44;44;46m.[38;2;44;44;45m.[38;2;35;35;35m.[38;2;7;7;7m             [0m
[0m[38;2;7;7;7m         [38;2;13;13;13m [38;2;45;46;49m.[38;2;50;52;58m.[38;2;52;55;65m.[38;2;53;56;69m.[38;2;30;31;39m.[38;2;9;9;11m [38;2;8;8;10m [38;2;8;8;9m [38;2;8;8;9m [38;2;8;8;9m [38;2;8;8;8m [38;2;8;8;9m [38;2;8;8;9m [38;2;8;8;9m [38;2;8;8;10m [38;2;29;29;36m [38;2;51;51;64m.[38;2;50;50;61m.[38;2;48;49;55m.[38;2;46;46;48m.[38;2;13;13;13m [38;2;7;7;7m         [0m
[0m[38;2;7;7;7m       [38;2;19;19;19m [38;2;51;53;61m.[38;2;60;63;81m'[38;2;63;67;88m'[38;2;16;17;21m [38;2;9;9;10m [38;2;8;8;8m [38;2;7;7;7m [38;2;7;7;7m          [38;2;7;7;7m [38;2;8;8;8m [38;2;8;9;10m [38;2;15;16;20m [38;2;58;63;80m.[38;2;55;60;73m.[38;2;50;51;58m.[38;2;19;19;19m [38;2;7;7;7m       [0m
[0m[38;2;7;7;7m      [38;2;43;44;50m.[38;2;67;72;98m'[38;2;72;78;108m,[38;2;17;18;23m [38;2;8;8;9m [38;2;7;7;7m [38;2;7;7;7m                [38;2;7;7;7m [38;2;8;8;9m [38;2;16;17;21m [38;2;68;73;97m'[38;2;63;68;87m'[38;2;42;43;47m.[38;2;7;7;7m      [0m
[0m[38;2;7;7;7m     [38;2;52;54;66m.[38;2;83;87;126m;[38;2;66;69;101m'[38;2;10;10;12m [38;2;7;7;7m [38;2;7;7;7m         [38;2;27;24;20m [38;2;20;19;17m [38;2;7;7;7m         [38;2;7;7;7m [38;2;9;9;11m [38;2;60;65;92m'[38;2;75;80;116m,[38;2;51;51;65m.[38;2;7;7;7m     [0m
[0m[38;2;7;7;7m    [38;2;37;38;47m.[38;2;88;96;143m:[38;2;81;89;132m;[38;2;9;9;12m [38;2;7;7;7m          [38;2;19;18;16m [38;2;209;153;59mx[38;2;199;147;56md[38;2;16;15;14m [38;2;7;7;7m          [38;2;9;9;11m [38;2;79;83;120m,[38;2;85;90;130m;[38;2;36;37;45m.[38;2;7;7;7m    [0m
[0m[38;2;7;7;7m   [38;2;9;9;9m [38;2;86;95;141m;[38;2;97;109;165mc[38;2;37;41;58m.[38;2;7;7;7m          [38;2;14;14;13m [38;2;195;152;66md[38;2;255;195;70m0[38;2;255;195;69m0[38;2;185;145;62md[38;2;11;11;11m [38;2;7;7;7m          [38;2;36;38;54m.[38;2;92;101;151m:[38;2;81;88;130m;[38;2;9;9;9m [38;2;7;7;7m   [0m
[0m[38;2;7;7;7m   [38;2;14;15;18m [38;2;105;119;182ml[38;2;105;119;182ml[38;2;22;23;32m [38;2;7;7;7m         [38;2;9;9;9m [38;2;178;146;72md[38;2;255;205;82mK[38;2;255;205;82mK[38;2;255;206;82mK[38;2;255;206;81mK[38;2;165;136;66mo[38;2;7;7;7m [38;2;7;7;7m         [38;2;21;22;29m [38;2;99;111;170mc[38;2;99;111;170mc[38;2;14;15;17m [38;2;7;7;7m   [0m
[0m[38;2;7;7;7m   [38;2;9;9;12m [38;2;112;129;198ml[38;2;112;128;199ml[38;2;31;34;47m.[38;2;7;7;7m         [38;2;157;136;73mo[38;2;255;219;94mX[38;2;255;218;93mX[38;2;255;218;94mX[38;2;255;218;94mX[38;2;255;218;94mX[38;2;255;218;94mX[38;2;137;118;63mc[38;2;7;7;7m         [38;2;30;32;43m.[38;2;106;122;187ml[38;2;107;121;186ml[38;2;9;10;12m [38;2;7;7;7m   [0m
[0m[38;2;7;7;7m   [38;2;7;7;7m [38;2;70;80;125m,[38;2;121;139;219mo[38;2;85;97;149m;[38;2;7;7;7m        [38;2;124;113;67mc[38;2;255;230;104mX[38;2;255;202;101mK[38;2;255;181;100m0[38;2;255;175;94mO[38;2;255;172;91mO[38;2;255;171;87mO[38;2;255;212;97mK[38;2;255;231;104mX[38;2;107;99;57m;[38;2;7;7;7m        [38;2;80;90;137m;[38;2;115;131;205mo[38;2;67;75;120m,[38;2;7;7;7m [38;2;7;7;7m   [0m
[0m[38;2;7;7;7m    [38;2;11;12;16m [38;2;113;129;208ml[38;2;128;146;235md[38;2;58;63;92m'[38;2;7;7;7m      [38;2;99;94;59m;[38;2;254;244;121mN[38;2;255;216;112mX[38;2;255;190;109m0[38;2;255;186;107m0[38;2;255;179;99m0[38;2;255;175;97mO[38;2;255;168;90mO[38;2;255;171;91mO[38;2;255;233;116mN[38;2;252;241;119mN[38;2;85;80;52m,[38;2;7;7;7m      [38;2;56;61;88m'[38;2;123;141;224mo[38;2;108;124;197ml[38;2;10;11;16m [38;2;7;7;7m    [0m
[0m[38;2;7;7;7m     [38;2;13;14;21m [38;2;112;128;201mo[38;2;137;156;245mx[38;2;85;93;138m;[38;2;13;13;14m [38;2;7;7;7m   [38;2;76;75;51m,[38;2;251;249;128mN[38;2;255;253;129mW[38;2;255;252;128mW[38;2;255;220;120mX[38;2;255;196;119mK[38;2;255;191;112m0[38;2;255;187;111m0[38;2;254;189;107m0[38;2;255;234;122mN[38;2;255;253;129mW[38;2;255;253;129mW[38;2;248;246;126mN[38;2;65;63;43m.[38;2;7;7;7m   [38;2;13;13;14m [38;2;81;90;133m;[38;2;130;148;237md[38;2;106;121;194ml[38;2;12;14;20m [38;2;7;7;7m     [0m
[0m[38;2;7;7;7m      [38;2;11;12;16m [38;2;49;55;84m.[38;2;149;169;255mk[38;2;125;142;213md[38;2;74;80;110m,[38;2;15;15;15m [38;2;59;59;45m.[38;2;245;245;142mN[38;2;255;255;145mW[38;2;255;255;145mW[38;2;255;255;145mW[38;2;255;255;145mW[38;2;255;254;144mW[38;2;255;254;145mW[38;2;255;254;146mW[38;2;255;254;144mW[38;2;255;255;143mW[38;2;255;255;143mW[38;2;255;255;143mW[38;2;255;255;142mW[38;2;241;240;135mN[38;2;49;48;37m.[38;2;15;15;15m [38;2;73;80;109m,[38;2;122;138;210mo[38;2;144;163;253mx[38;2;47;53;83m.[38;2;11;11;15m [38;2;7;7;7m      [0m
[0m[38;2;7;7;7m       [38;2;8;8;8m [38;2;14;16;22m [38;2;30;35;50m.[38;2;155;180;255mO[38;2;131;154;218md[38;2;130;146;118mo[38;2;201;208;138m0[38;2;246;246;154mN[38;2;255;255;156mW[38;2;255;255;156mW[38;2;255;255;156mW[38;2;255;255;156mW[38;2;255;255;156mW[38;2;255;255;156mW[38;2;255;255;156mW[38;2;255;255;156mW[38;2;255;255;155mW[38;2;255;255;155mW[38;2;246;246;152mN[38;2;203;209;138m0[38;2;129;145;120mo[38;2;132;153;222md[38;2;150;174;255mk[38;2;29;33;49m.[38;2;14;15;22m [38;2;8;8;8m [38;2;7;7;7m       [0m
[0m[38;2;7;7;7m         [38;2;7;7;7m [38;2;11;12;15m [38;2;17;19;26m [38;2;12;15;19m [38;2;36;48;58m.[38;2;51;67;77m.[38;2;81;94;89m;[38;2;111;120;100mc[38;2;133;140;110mo[38;2;148;153;117md[38;2;154;159;119md[38;2;154;159;120md[38;2;148;153;117md[38;2;133;141;111mo[38;2;111;123;102mc[38;2;82;97;92m;[38;2;51;72;82m'[38;2;35;52;63m.[38;2;12;16;21m [38;2;17;19;26m [38;2;11;12;15m [38;2;7;7;7m [38;2;7;7;7m         [0m
[0m[38;2;7;7;7m             [38;2;7;7;8m [38;2;7;8;8m [38;2;7;8;8m [38;2;7;8;8m [38;2;7;8;9m [38;2;7;8;9m [38;2;7;8;9m [38;2;7;8;9m [38;2;7;8;9m [38;2;7;8;9m [38;2;7;8;9m [38;2;7;8;9m [38;2;7;8;8m [38;2;8;8;8m [38;2;7;7;7m             [0m
[0m[38;2;7;7;7m                                        [0m
[0m[38;2;7;7;7m [38;2;7;7;7m                                       [0m
